He RHF  0.732354 11.553918 0.753896 4.595831 0.283819 1.546299 0.1900031 26.463964 0.039139 0.377523 0.000487
Li RHF  0.974637 4.334946 0.150472 0.342451 0.811055 97.102969 0.262416 201.363824 0.790108 1.409234 0.002542
Be RHF  1.533712 42.662078 0.638283 0.595420 0.601052 99.106501 0.106139 0.151340 1.110414 1.843093 0.002511
B  RHF  2.005185 23.494069 1.064580 1.137894 1.062780 61.230975 0.140515 0.114886 0.641784 0.399036 0.0031123
C  RHF  2.657506 14.780758 1.078079 0.776775 1.490909 42.086843 -4.241070 -0.000294 0.713791 0.239535 4.297983
N  RHF  11.893780 0.000158 3.277479 10.232723 1.858092 30.344690 0.858927 0.656065 0.912985 0.217287 -11.804902
O  RHF  2.960427 14.182259 2.508818 5.936858 0.637853 0.112726 0.722838 34.958481 1.142756 0.390240 0.027014
F  RHF  3.511943 10.687859 2.772244 4.380466 0.678385 0.093982 0.915159 27.255203 1.089261 0.313066 0.032557
Ne RHF  4.183749 8.175457 2.905726 3.252536 0.520513 0.063295 1.135641 21.813909 1.228065 0.224952 0.025576
Na RHF  4.910127 3.281434 3.001783 9.119178 1.262067 0.102763 1.098938 132.013942 0.560991 0.405878 0.079712
Mg RHF  4.708971 4.075207 1.194814 108.506079 1.550157 0.111516 1.170413 48.292407 3.239403 1.928171 0.126842
Al RHF  4.730796 3.620931 2.313951 43.051166 1.541980 0.095960 1.117564 100.932109 3.154754 1.555918 0.139509
Si RHF  5.275329 2.631338 3.191038 33.730728 1.511514 0.081119 1.356849 86.288640 2.519114 1.170087 0.145073
P  RHF  1.950541 0.908139 4.146930 27.044953 1.494560 0.071280 1.522042 67.520190 5.729711 1.981173 0.155233
S  RHF  6.372157 1.514347 5.154568 22.092528 1.473732 0.061373 1.635073 55.445176 1.209372 0.6469251 0.154722
Cl RHF  1.446071 0.052357 6.870609 1.193165 6.151801 18.343416 1.750347 46.398394 0.634168 0.4010051 0.146773
Ar RHF  7.188004 0.956221 6.638454 15.339877 0.454180 15.339862 1.929593 39.043824 1.523654 0.062409 0.265954
K  RHF  8.163991 12.816323 7.146945 0.808945 1.070140 210.327009 0.877316 39.597651 1.486434 0.052821 0.253614
Ca RHF  8.593655 10.460644 1.477324 0.041891 1.436254 81.390382 1.182839 169.847839 7.113250 0.688098 0.196255
Sc RHF  1.476566 53.131022 1.487278 0.035325 1.600187 137.319495 9.177463 9.098031 7.099750 0.602102 0.157765
Ti RHF  9.818524 8.001879 1.522646 0.029763 1.703101 39.005423 1.768774 120.158000 7.002555 0.532405 0.102473
V  RHF  10.473575 7.081940 1.547801 0.026040 1.986301 31.909672 1.865616 108.022044 7.056250 0.474882 0.067744
Cr RHF  11.007069 6.366281 1.555477 0.023987 2.985293 23.2445581 1.347055 105.774500 7.034779 0.429369 0.065510
Mn RHF  11.709542 5.597120 1.733414 0.017800 2.673141 21.788419 2.023368 89.517915 7.003180 0.383054 -0.147293
Fe RHF  12.311098 5.009415 1.874623 0.014461 3.066177 10.743041 2.070451 82.767074 6.975185 0.346506 -0.304931
Co RHF  12.914510 4.507138 2.481908 0.009126 3.466894 16.438130 2.106351 76.987317 6.960892 0.314410 -0.936572
Ni RHF  13.521865 4.077277 6.947285 0.286763 3.866028 14.622634 2.135900 71.966078 4.284731 0.004437 -2.762697
Cu RHF  14.014192 3.738280 4.784577 0.003744 5.056806 13.034982 1.457971 72.554793 6.932996 0.265666 -3.254477
Zn RHF  14.741002 3.388232 6.907748 0.243315 4.642337 11.903689 2.191766 63.312130 38.424042 0.000397 -36.915828
Ga RHF  15.758946 3.121754 6.841123 0.226057 4.121016 12.482196 2.714681 66.203622 2.395246 0.007238 -0.847395
Ge RHF  16.540614 2.866618 1.567900 0.012198 3.727829 13.432163 3.345098 58.866046 6.785079 0.210974 0.018726
As RHF  17.025643 2.597739 4.503441 0.003012 3.715904 14.272119 3.937200 50.437997 6.790175 0.193015 -2.984117
Se RHF  17.354071 2.349787 4.653248 0.002550 4.259489 15.579460 4.136455 45.181201 6.749163 0.177432 -3.160982
Br RHF  17.550570 2.119226 5.411882 16.557185 3.937180 0.002481 3.080645 42.164009 6.7077931 0.162121 -2.492088
Kr RHF  17.655279 1.908231 6.848105 16.606235 4.171004 0.001598 3.446760 39.917471 6.685200 0.146896 -2.810592
Rb RHF  8.123134 15.142385 2.138042 33.542666 6.761702 0.129372 1.156051 224.132506 17.679547 1.713368 1.139548
Sr RHF  17.730219 1.563060 9.795867 14.310868 6.099763 0.120574 2.620025 135.771315 0.600053 0.120574 1.140251
Y  RHF* 17.792040 1.429691 10.253252 13.132816 5.714949 0.112173 3.170516 108.197029 0.918251 0.112173 1.131787
Zr RHF* 17.859771 1.310692 10.911038 12.319285 5.8211151 0.104353 3.512513 91.777544 0.746965 0.104353 1.124859
Nb RHF* 17.958398 1.211590 12.063054 12.246687 5.007015 0.098615 3.287667 75.011944 1.531019 0.098615 1.123452
Mo RHF  6.236218 0.090780 17.987711 1.108310 12.973127 11.468720 3.451426 66.684153 0.210899 0.090780 1.108770
Tc RHF* 17.840964 1.005729 3.420236 41.901383 1.373012 119.320541 12.947364 9.781542 6.335469 0.083391 1.0747214
Ru RHF* 6.271624 0.077040 17.906739 0.928222 14.123269 9.555345 3.7460081 35.860670 0.908235 123.552247 1.043993
Rh RHF* 6.216648 0.070789 17.9197301 0.856121 3.854252 33.889484 0.840326 121.686680 15.173498 9.029517 0.995452
Pd RHF* 6.121511 0.062549 4.7840631 0.784031 16.631683 8.751391 4.318258 34.489983 13.246773 0.784831 0.883099
Ag RHF  6.073874 0.055333 17.155437 7.896512 4.173344 28.443739 0.852230 110.376100 17.988685 0.716809 0.756603
Cd RHF  6.080986 0.048990 18.019468 7.273646 4.018197 29.119283 1.303510 95.831208 17.974669 0.661231 0.603504
In RHF  6.196477 0.042072 18.816183 6.695665 4.050479 31.009791 1.638929 103.284350 17.962912 0.610714 0.333097
Sn RHF  19.325171 6.118104 6.281571 0.036915 4.498866 32.529047 1.856934 95.037182 17.917310 0.565651 0.119024
Sb RHF  5.394956 33.326523 6.549570 0.030974 19.650681 5.564929 1.827820 87.130965 17.867833 0.523992 -0.290506
Te RHF* 6.660302 33.031656 6.940756 0.025750 19.847015 5.065547 1.557175 84.101613 17.802427 0.487660 -0.806668
I  RHF  19.884502 4.628591 6.7364593 0.027754 8.110516 31.849096 1.170953 84.406391 17.548715 0.463550 -0.448811
Xe RHF  19.978920 4.163356 11.774945 0.010142 9.332182 28.796199 1.244749 75.280688 17.737501 0.413616 -6.065902
Cs RHF  17.418675 0.399828 8.314444 0.016872 10.323193 25.605828 1.383834 233.339674 19.876252 3.826915 -2.322802
Ba RHF  19.747344 3.481823 17.368476 0.371224 10.465718 21.226641 2.592602 173.834271 11.003653 0.010719 -5.183497
La RHF* 19.966018 3.197408 27.329654 0.003446 11.018425 19.955492 3.086696 141.381979 17.335454 0.341817 -21.745489
Ce RHF* 17.355121 0.328369 43.988498 0.002047 20.546650 3.088196 3.130670 134.907661 11.353665 18.832961 -38.386017
Pr RHF* 21.551311 2.995675 17.161729 0.312491 11.903859 17.716705 2.679103 152.192827 9.564197 0.010468 -3.871068
Nd RHF* 17.331244 0.300269 62.783923 0.001320 12.160097 17.026001 2.663483 148.748986 22.239951 2.910268 -57.189844
Pm RHF* 17.286388 0.286620 51.560161 0.001550 12.478557 16.223755 2.675515 163.9845131 22.960947 2.796480 -45.973681
Sm RHF* 23.700364 2.689539 23.072215 0.003491 12.777782 15.495437 2.684217 139.862475 17.204366 0.274536 -17.452166
Eu RHF  17.186195 0.261678 37.156839 0.001995 13.103387 14.787360 2.707246 134.816293 24.419271 2.581883 -31.586687
Gd RHF* 24.898118 2.435028 17.104951 0.246961 13.222581 13.996325 3.246152 110.863093 48.995214 0.001383 -43.505684
Tb RHF* 25.910013 2.373912 32.344139 0.002034 13.765117 13.481969 2.751404 125.836511 17.064405 0.236916 -26.851970
Dy RHF* 26.671785 2.282593 88.687577 0.000665 14.065445 12.920230 2.768497 121.937188 17.067782 0.225531 -83.279831
Ho RHF* 27.150190 2.169660 16.999819 0.215414 14.059334 12.213148 3.386979 100.506781 46.546471 0.001211 -41.165283
Er RHF* 28.174886 2.120995 82.493269 0.000640 14.6240021 11.915256 2.802756 114.529936 17.018515 0.207519 -77.135221
Tm RHF* 28.925894 2.046203 76.173796 0.000656 14.904704 11.465375 2.814812 111.411979 16.998117 0.199376 -70.839813
Yb RHF* 29.676760 1.977630 65.624068 0.000720 15.160854 11.044622 2.830288 108.139150 16.997850 0.192110 -60.313812
Lu RHF* 30.122865 1.883090 15.099346 10.342764 56.314899 0.000780 3.540980 89.559248 16.943730 0.183849 -51.049417
Hf RHF* 30.617033 1.795613 15.145351 9.934469 54.933548 0.000739 4.096253 76.189707 16.896157 0.175914 -49.719838
Ta RHF* 31.066358 1.708732 15.341823 9.618455 49.278296 0.000760 4.577665 66.146202 16.828321 0.168002 -44.119025
W  RHF* 31.507901 1.629485 15.682498 9.446448 37.960127 0.000898 4.885509 59.980675 16.792113 0.1607981 -32.864576
Re RHF* 31.888456 1.549238 16.117103 9.233474 42.390296 0.000689 5.211669 54.516371 16.767591 0.152815 -37.412681
Os RHF* 32.210298 1.473531 16.678440 9.049695 48.559907 0.000519 5.455839 50.210201 16.735532 0.145771 -43.677984
Ir RHF* 32.004437 1.353767 1.975454 81.014172 17.070104 0.128093 15.939454 7.461196 5.990003 26.659403 4.018893
Pt RHF* 31.273891 1.316992 18.445441 8.797154 17.063745 0.124741 5.555933 40.177994 1.575270 1.316997 4.050394
Au RHF  16.777389 0.122737 19.317156 8.621570 32.979682 1.256902 5.595483 38.008821 10.576854 0.000601 -6.279078
Hg RHF  16.839889 0.115905 20.023823 8.256927 28.428565 1.195250 5.881564 39.247226 4.714706 1.195250 4.076478
Tl RHF* 16.630795 0.110704 19.386615 7.181401 32.808570 1.119730 1.747191 98.660262 6.356862 26.014978 4.066939
Pb RHF  16.419567 0.105499 32.738592 1.055049 6.530247 25.025890 2.342742 80.906596 19.916475 6.664449 4.049824
Bi RHF  16.282274 0.101180 32.725137 1.002287 6.678302 25.714145 2.694750 77.057550 20.576559 6.291882 4.040914
Po RHF* 16.289164 0.098121 32.807170 0.966265 21.095164 6.046622 2.505901 76.598071 7.254589 28.096128 4.046556
At RHF* 16.011461 0.092639 32.615549 0.904416 8.113899 26.543256 2.884082 68.372961 21.377867 5.499512 3.995684
Rn RHF  16.070228 0.090637 32.641105 0.876409 21.489659 5.239687 2.299218 69.188477 9.480184 27.632640 4.020977
Fr RHF* 16.007386 0.087031 32.663830 0.840187 21.594351 4.954467 1.598497 199.805805 11.121192 26.905106 4.003472
Ra RHF* 32.563691 0.801980 21.396671 4.590666 11.298093 22.758973 2.834688 160.406392 15.914965 0.083544 3.981773
Ac RHF* 15.914083 0.080511 32.535042 0.770669 21.553976 4.352206 11.633394 21.381622 3.612409 130.500748 3.939212
Th RHF* 15.784024 0.077067 32.454898 0.735137 21.849222 4.097976 4.239077 109.464113 11.736191 20.512138 3.922833
Pa RHF* 32.740208 0.709545 21.973674 4.050881 12.957398 19.231542 3.683832 117.255006 15.744058 0.074040 3.886066
U  RHF  15.679275 0.071206 32.824305 0.681177 13.660459 18.236157 3.687261 112.500040 22.279435 3.930325 3.854444
Np RHF* 32.999899 0.657086 22.638076 3.854918 14.219973 17.435474 3.672950 109.464485 15.683245 0.068633 3.769391
Pu RHF* 33.281176 0.634999 23.148545 3.856168 15.153755 16.849736 3.031492 121.292040 15.704215 0.064857 3.664200
Am RHF* 33.435163 0.612785 23.657259 3.792942 15.576339 16.195778 3.027023 117.757005 15.746100 0.061755 3.541160
Cm RHF* 15.804837 0.058619 33.480800 0.590160 24.150198 3.674720 3.655563 100.736192 15.499866 15.408296 3.390840
Bk RHF* 15.889072 0.055503 33.625285 0.569571 24.710380 3.615472 3.707139 97.694787 15.839268 14.754303 3.213169
Cf RHF* 33.794074 0.550447 25.467693 3.581973 16.048486 14.357388 3.657525 96.064975 16.008982 0.052450 3.005326
H1-   HF   0.702260 23.945605 0.7636645 74.897918 0.248678 6.773289 0.261323 233.583447 0.023017 1.337531 0.000425
Li1+  RHF  0.432724 0.260367 0.549257 1.042836 0.376575 7.885294 -0.336481 0.260368 0.976060 3.042539 0.001764
Be2+  RHF  3.055430 0.001226 -2.372617 0.001227 1.044914 1.542106 0.544233 0.456279 0.381737 4.047479 -0.653773
Cval  HF   1.258489 10.683769 0.728215 0.208177 1.119856 0.836097 2.168133 24.603705 0.705239 58.954274 0.019722
O1-   HF   3.106934 19.8680801 -3.235142 6.960252 1.148886 0.170043 0.783981 65.693509 0.676953 0.630757 0.046136
F1-   HF   0.457649 0.917243 3.041561 5.507803 1.432771 0.164955 0.801876 51.076207 3.395041 15.821679 0.069525
Na1+  RHF  3.148690 2.594987 4.073989 6.046925 0.767888 0.070139 0.995612 14.1226457 0.968249 0.217037 0.0453400
Mg2+  RHF  3.062918 2.015803 4.135106 4.417941 0.853742 0.065307 1.036792 9.669710 0.852520 0.187818 0.058151
Al3+  HF   4.132015 3.528641 0.912049 7.378344 1.102425 0.133708 0.6148761 0.0390651 3.219136 1.644728 0.019397
Sival HF   2.879033 1.239713 3.072960 38.706277 1.515981 0.081481 1.390030 93.616334 4.995051 2.770293 0.146030
Si4+  HF   3.676722 1.446851 3.820496 3.013144 1.258033 0.064397 0.419024 0.206254 0.720421 5.970222 0.097266
Cl1-  RHF  1.0618021 0.144727 7.139886 1.171795 6.524271 19.467656 2.355626 60.320301 35.829404 0.000436 -34.916604
K1+   RHF  -17.609339 18.840979 1.494873 0.053453 7.150305 0.812940 10.899569 22.264104 15.808228 14.351593 0.257164
Ca2+  RHF  8.501441 10.525848 12.880483 -0.004033 9.765095 0.010692 7.156669 0.684443 0.711160 27.231772 -21.013188
Sc3+  HF   7.104348 0.601957 1.511488 0.033386 -53.669773 12.572138 38.404815 10.859736 24.532240 14.125230 0.118642
Ti2+  HF   7.040119 0.537072 1.496285 0.031914 9.657304 8.009958 0.006534 201.800290 1.649561 24.039483 0.150362
Ti3+  HF   36.587932 0.000681 7.230255 0.522262 -9.086077 5.262317 2.084594 15.881716 17.294009 6.149805 -35.111284
Ti4+  HF   45.355538 9.252186 7.092900 0.523046 7.483858 13.082852 -43.498818 10.193876 1.678915 0.023064 -0.110628
V2+   RHF  7.754356 7.066315 2.064100 0.014993 2.576998 7.066308 2.011484 22.055786 7.126177 0.467568 -0.533379
V3+   HF   9.958480 6.763041 1.596350 0.056895 1.483442 17.750029 -10.846044 0.328826 17.332866 0.388013 0.474921
V5+   HF   15.575018 0.682708 8.448095 5.566640 1.612040 10.527077 -9.721855 0.907961 1.534029 0.066667 0.552676
Cr2+  HF   10.598877 6.151846 1.565858 0.023519 2.728280 17.432815 0.098064 54.002388 6.959321 0.426301 0.049870
Cr3+  HF   7.989310 6.068867 1.765079 0.018342 2.627125 6.068887 1.829380 16.309285 6.980908 0.420864 -0.192123
Mn2+  RHF  11.287712 5.506225 26.042414 0.000774 3.058096 16.158576 0.090258 54.766353 7.088306 0.375580 -24.566131
Mn3+  HF   6.926972 0.378315 2.081342 0.015054 11.128379 5.379957 2.375107 14.429586 -0.419287 0.004939 -0.093713
Mn4+  HF   12.409131 0.300400 7.466993 0.112814 1.809947 12.520756 -12.138477 0.168653 10.780240 5.173237 0.672146
Fe2+  RHF  11.776765 4.912232 11.165097 0.001748 3.533495 14.166556 0.165345 42.381959 7.036932 0.341324 -9.676919
Fe3+  RHF  9.721638 4.869297 63.403845 0.000293 2.141347 4.867602 2.629274 13.539076 7.033846 0.338520 -61.930725
Co2+  RHF  6.993840 0.310779 26.285812 0.000684 12.254289 4.400528 0.246114 35.741448 4.017407 12.536393 -24.796852
Co3+  RHF  6.861739 0.309794 2.678570 0.008142 12.281889 4.331703 3.501741 11.914167 -0.179384 11.914167 -1.147345
Ni2+  RHF  12.519017 3.933053 37.832057 0.000442 4.387257 10.449184 0.661552 23.860999 6.949072 0.283723 -36.344472
Ni3+  HF   13.579366 0.313140 1.902844 0.012621 12.859268 3.906407 3.811005 10.894311 -6.838595 0.344379 -0.317618
Cu1+  RHF  12.960763 3.576010 16.342150 0.000975 1.110102 29.523219 5.520682 10.114283 6.915452 0.261326 -14.849320
Cu2+  HF   11.895569 3.378519 16.344979 0.000924 5.799817 8.133653 1.048804 20.526524 6.7898811 0.254741 -14.878383
Zn2+  RHF  13.340772 3.215913 10.428857 0.001413 5.544489 8.542680 0.762295 21.891757 6.869172 0.239215 -0.945248
Ga3+  HF   13.123875 2.809960 35.288189 0.000323 6.126979 6.831534 0.611551 16.784312 6.724807 0.212002 -33.875121
Ge4+  HF   6.876636 2.025174 6.779091 0.176650 9.969591 3.573822 3.135857 7.685848 0.152389 16.677575 1.086542
Br1-  RHF  17.714310 2.122554 6.466926 19.050767 6.947385 0.152708 4.402674 58.690361 -0.697279 58.690373 1.152674
Rb1+  RHF  17.684321 1.710209 7.761588 14.919863 6.680874 0.128542 2.668883 31.654478 0.070974 0.128543 1.133263
Sr2+  RHF  17.694973 1.550888 1.275762 30.133042 6.154252 0.118774 9.234786 13.821799 0.515995 0.118774 1.125309
Y3+   *DS  46.660366 -0.019971 10.369686 13.180257 4.623042 0.176398 -62.170835 -0.016727 17.471145 1.467348 19.023141
Zr4+  *DS  6.802956 0.096228 17.699254 1.296127 10.650647 11.240715 -0.248108 -0.219259 0.250338 -0.219021 0.827902
Nb3+  *DS  17.714323 1.172419 1.675213 30.102790 7.483963 0.080255 8.322464 -0.002983 11.143573 10.4566117 -8.339573
Nb5+  *DS  17.580206 1.165852 7.633277 0.070558 10.793497 9.507652 0.180884 31.621656 67.837924 -0.000438 -68.024780
Mo3+  *DS  7.447050 0.072000 17.778122 1.073145 11.886068 9.834720 1.997905 28.221746 1.789626 -0.011674 -1.898764
Mo5+  *DS  7.929879 0.068856 17.667670 1.068064 11.515987 9.046229 0.500402 26.558945 77.444084 -0.0041473 -78.056596
Mo6+  *DS  34.757684 1.301770 9.6530371 7.123843 6.584769 0.094097 -18.628115 1.617443 2.490594 12.335434 1.141916
Ru3+  *DS  17.894759 0.9028271 13.579529 8.740579 10.729251 0.045125 2.474095 24.764953 48.227995 4.001699 -51.905242
Ru4+  *DS  17.845775 0.901070  13.455084 8.482392 10.229087 0.045972 1.653524 23.015273 14.059795 -0.004889 -17.241762
Rh3+  *DS  17.758621 0.841779 14.569813 8.319533 5.298320 0.069050 2.533579 23.709131 0.879753 0.069050 0.960843
Rh4+  *DS  17.716189 0.8405721 14.446654 8.100647 5.185801 0.068995 1.703448 22.357308 8.989992 0.068995 0.959941
Pd2+  *DS  6.122282  0.062424 15.651012 8.018296 3.513508 24.784276 9.060790 0.776457 8.771199 0.776457 0.879336
Pd4+  *DS  6.152421 0.063951 -96.069025 11.090354 31.622140 13.466152 81.578258 9.758302 17.801403 0.783014 0.915874
Ag1+  *DS  6.091192 0.056305 4.019526 0.719340 16.948173 7.758938 4.258638 27.368350 13.889437 0.719340 0.785127
Ag2+  *DS  6.401808 0.068167 48.6998021 0.942270 4.799859 20.639496 -32.332524 1.100365 16.356710 6.883131 1.0611247
Cd2+  *DS  6.093711 0.050624 43.909690 8.654143 17.041305 15.621396 -39.675119 11.082067 17.958918 0.667591 0.664795
In3+  *DS  6.206277 0.041357 18.497745 6.605563 3.078131 18.792249 10.524613 0.6080821 7.401234 0.608082 0.293677
Sn2+  RHF  6.353672 0.034720 4.770377 6.167891 14.672025 6.167879 4.2359591 29.006456 18.002130 0.561774 -0.042519
Sn4+  RHF  15.445732 6.280898 6.420892 0.033144 4.562980 6.280899 1.713385 17.983600 18.033536 0.557980 -0.172219
Sb3+  *DS  10.189171 0.089485 57.461917 0.375256 19.356574 5.357987 4.862206 22.153737 -45.394095 0.297768 1.516108
Sb5+  *DS  17.920621 0.522315 6.647932 0.029487 12.724075 5.710210 1.555545 16.433775 7.600591 5.718204 -0.445371 
I1-   RHF  20.010331 4.565931 17.835523 0.444266 8.104130 32.430671 2.231118 95.149044 9.158568 0.014906 -3.341004
Cs1+  RHF  19.939857 3.770511 24.967620 0.004040 10.378884 25.311276 0.454243 76.537763 17.660247 0.384730 -19.394307
Ba2+  *DS  19.750200 3.430748 17.513683 0.361590 10.884892 21.358307 0.321585 70.309404 65.149833 0.001418 -59.618171
La3+  *DS  19.688887 3.146211 17.345704 0.339586 11.356296 18.753831 0.099418 90.345458 82.358127 0.001072 -76.846908
Ce3+  *DS  26.593231 3.280381 85.866429 0.001012 -6.677695 4.313575 12.111847 17.868503 17.401904 0.326962 -80.313426
Ce4+  *DS  17.457533 0.311812 25.659941 -0.003792 11.691037 16.568687 19.695281 2.886295 -16.994750 -0.008931 -3.515096
Pr3+  *DS  20.879840 2.870897 36.035797 0.002364 12.135341 16.615237 0.283103 53.909360 17.167803 0.306993 -30.500784
Pr4+  *DS  17.496082 0.294457 21.538509 -0.002742 20.403115 2.772886 12.062211 15.804613 -7.492043 -0.013886 -9.016722
Nd3+  *DS  17.120070 0.291295 56.038141 0.001421 21.468307 2.743681 10.000671 14.581367 2.905866 22.485098 -50.541992
Pm3+  *DS  22.221066 2.635767 17.068141 0.277039 12.805423 14.927315 0.435687 45.768016 52.238770 0.001455 -46.767182
Sm3+  *DS  15.618565 0.006001 19.538091 0.306379 13.398946 14.979594 -4.358811 0.748825 24.490462 2.454492 -9.714854
Eu2+  *DS  23.899035 2.467332 31.657498 0.002230 12.955752 13.625002 1.700576 38.089480 16.992198 0.253136 -26.204316
Eu3+  *DS  17.758327 0.244474 33.498665 -0.003901 24.067189 2.487526 13.436883 14.568011 -9.019134 -0.015628 -19.768026
Gd3+  *DS  24.344999 2.3339711 16.945311 0.239215 13.866931 12.982995 0.481674 43.876347 93.506377 0.000673 -88.147176
Tb3+  *DS  24.878252 2.223301 16.856017 0.227290 13.663937 11.812528 1.279671 29.910064 39.271293 0.001527 -33.950316
Dy3+  *DS  16.864344 0.216275 90.383461 0.000593 13.675473 11.121207 1.687078 26.250975 25.540652 2.135930 -85.150653
Ho3+  *DS  16.837524 0.206873 63.221338 0.000796 13.703766 10.500283 2.061602 24.031883 26.202621 2.055060 -58.026503
Er3+  *DS  16.810128 0.198293 22.681060 0.002126 13.864114 9.973341 2.294506 22.836387 26.864478 1.979442 -17.513461
Tm3+  *DS  16.787501 0.190852 15.350905 0.003036 14.182357 9.602934 2.299111 22.526880 27.573770 1.912862 -10.192087
Yb2+  *DS  28.443795 1.863896 16.849528 0.183811 14.165081 9.225469 3.445311 23.691354 28.308853 0.001463 -23.214936
Yb3+  *DS  28.191629 1.842889 16.828086 0.182788 14.167848 9.045957 2.764962 20.799847 23.171773 0.001759 -18.103676
Lu3+  *DS  28.828694 1.776641 16.823227 0.175560 14.247617 8.575531 3.079559 19.693701 25.647666 0.001453 -20.626528
Hf4+  *DS  29.267378 1.697911 16.792544 0.168313 14.785310 8.190025 2.184128 18.277579 23.791996 0.001431 -18.820384
Ta5+  *DS  29.539468 1.612934 16.741854 0.160460 15.182070 7.654408 1.642916 17.070733 16.437446 0.001858 -11.542459
W6+   *DS  29.729357 1.501648 17.247808 0.140803 15.184488 6.880573 1.154652 14.299601 0.739335 14.299618 3.945157
Os4+  *DS  17.113485 0.131850 15.792370 7.288542 23.342392 1.389307 4.090271 19.629425 7.671292 1.389307 3.988390
Ir3+  *DS  31.537575 1.334144 16.363339 7.451918 15.597141 0.127514 5.051404 21.705648 1.436935 0.127515 4.009459
Ir4+  *DS  30.391248 1.328519 16.146995 7.181766 17.019068 0.127337 4.458904 19.060147 0.975372 1.328519 4.006865
Pt2+  *DS  31.986849 1.281143 17.249048 7.625512 15.269374 0.123571 5.760234 24.190826 1.694079 0.123571 4.032512
Pt4+  *DS  41.932714 1.111409 16.339224 6.466086 17.653895 0.128917 6.012420 16.954155 -12.036877 0.778721 4.094551
Au1+  *DS  32.124307 1.216073 16.716476 7.165378 16.814101 0.118715 7.311565 20.442485 0.993064 53.095984 4.040792
Au3+  *DS  31.704272 1.215561 17.545767 7.220506 16.819552 0.118812 5.522640 20.050970 0.361725 1.215562 4.042679
Hg1+  *DS  28.866837 1.173967 19.277541 7.583842 16.776051 0.115351 6.281459 29.055994 3.710289 1.173968 4.068430
Hg2+  *DS  32.411081 1.162980 18.690371 7.329806 16.711773 0.114518 9.974835 22.009489 -3.847611 22.009493 4.052869
Tl1+  *DS  32.295045 1.101544 16.570049 0.110020 17.991013 6.528559 1.535355 52.495068 7.554591 20.338635 4.054030
Tl3+  *DS  32.525628 1.094966 19.139185 6.900992 17.100320 0.103667 5.891115 18.489615 12.599463 -0.001401 -9.256075
Pb2+  *DS  27.392647 1.058874 16.496823 0.106305 19.984500 6.708123 6.813923 24.395554 5.233910 1.058874 4.065623
Pb4+  *DS  32.505656 1.047035 20.014240 6.670321 14.645661 0.105279 5.029499 16.525040 1.760138 0.105279 4.044678
Bi3+  *DS  32.461438 0.997930 19.438682 6.038867 16.302487 0.101338 7.322662 18.371585 0.431704 46.361045 4.043703
Bi5+  *DS  16.734028 0.105076 20.580493 4.773282 9.452623 11.762162 61.155835 1.211775 -34.041022 1.619408 4.113663
Ra2+  *DS  4.986228 0.082597 32.474946 0.791468 21.947443 4.608034 11.800013 24.792431 10.807292 0.082597 3.956572
Ac3+  *DS  15.584983 0.077438 32.022127 0.739963 21.456327 4.040735 0.757593 47.525000 12.341252 19.406846 3.838984
Th4+  *DS  15.515445 0.074499 32.090691 0.711663 13.996399 3.871044 12.918157 18.596891 7.635514 3.871044 3.831122
U3+   *DS  15.360309 0.067815 32.395655 0.654643 21.961291 3.643409 1.325894 39.684964 14.251483 16.330571 3.706622
U4+   *DS  15.355091 0.067789 32.235305 0.652613 0.557745 42.354235 14.396367 15.908239 21.751173 3.553231 3.705863
U6+   *DS  15.333844 0.067644 31.770849 0.646384 21.274415 3.317894 13.872636 14.650250 0.048519 75.339700 3.700591
Np3+  *DS  15.378152 0.064613 32.572134 0.631420 22.206126 3.561936 1.413295 37.875511 14.828381 15.546129 3.603370
Np4+  *DS  15.373926 0.064597 32.423018 0.629658 21.969994 3.476389 0.662078 39.438942 14.969350 15.135764 3.603039
Np6+  *DS  15.359986 0.064528 31.992824 0.624505 21.412458 3.253441 0.066574 67.658315 14.568174 13.980832 3.600942
Pu3+  *DS  15.356004 0.060590 32.769126 0.604663 22.680210 3.491509 1.351055 37.260635 15.416232 14.981921 3.428895
Pu4+  *DS  15.416219 0.061456 32.610569 0.607938 22.256662 3.411848 0.719495 37.628793 15.518152 14.464360 3.480408
Pu6+  *DS  15.436506 0.061815 32.289717 0.606541 14.726737 3.245363 15.012391 13.616438 7.024677 3.245364  3.502325
